2

 640.0000000000  480.0000000000  514.68    0.0000000000  320.0    0.0000000000  514.68  240.0    0.0000000000    0.0000000000    1.0000000000   0    0    0    0   1.0   0.0   0.0    0.0   1.0   0.0    0.0   0.0   1.0  0.0 0.0 0.0 

 640.0000000000  480.0000000000  514.68    0.0000000000  320.0    0.0000000000  514.68  240.0    0.0000000000    0.0000000000    1.0000000000   0    0    0    0   1.0   0.0   0.0    0.0   1.0   0.0    0.0   0.0   1.0  -68.0 0.0 0.0

   0.1622854322   -8.3816146851  677.6712036133    4.4977426529  668.1794433594  475.2744750977   -8.9438457489  461.9260559082 
 -51.7980651855   -2.3676743507  640.5010986328    0.0051449141  640.0000000000  478.9986572266  -52.3860855103  479.9208984375 
   1.0575360080   -0.0189814540    0.1622854322    0.0201168831    0.9803420603   -8.3816146851   -0.0000015814    0.0000011569    1.0000000000 
   1.0886017311   -0.0012118846  -51.7980651860    0.0037075854    1.0046473190   -2.3676743513    0.0000107483   -0.0000002512    1.0000000000 
